function [x] = arrayXPos()

x = [-19.7398362542710,-22.0842752737594,-19.5587619130889,-22.2504311216853,-19.7475822244161,-13.6144904808494,-15.9750828754188,-13.8606549896841,-16.1988882916664,-13.7348678347053,-7.63878891901859,-10.1413459225566,-7.56958430540076,-10.1724359863076,-7.86862558649712,-1.93810849293437,-4.20817044311362,-1.92157040023101,-4.29307523219895,-2.02678051235801,4.11183495973308,1.57713931157227,3.83027476396957,1.56427701821819,3.91337901024631,9.77108172011982,7.34061039793151,9.79944515587702,7.39342175567596,9.70463332720993,15.7649460741183,13.0789105480106,15.6221043421840,13.0764765129857,15.4708110553768,21.5010417025109,19.1576200443065,21.5443774995847,19.0990197726162,21.2219520879138];

end