function [y] = arrayYPos()

y = [12.0293806457693,6.24393783017052,-0.0219469708906797,-6.21587350611782,-12.3535988625942,11.9877243211535,5.95886315753236,-0.163069196488866,-6.09212972436903,-12.3424282526201,12.2047829573097,6.05950281173143,0.0743203467043117,-6.09433597455883,-12.0832254847528,11.9083173494627,6.03163627761478,-0.192633173248602,-5.97130750050509,-12.0728895991934,11.9954699348761,6.00446422915389,0.0450631275067046,-5.72380319560372,-11.9387136421096,12.2128707081212,6.10439711491076,0.0297435235079906,-5.85142564222459,-12.0521333912906,11.9156857878346,6.07718455353494,0.0147999338469180,-5.97844276852650,-12.1650620239956,12.1314821647204,6.04835767956052,0.124807618797062,-5.98091677942549,-11.9088563853041];

end