function [y] = stripYPos()

y = [-17.5236490114128,-9.03943204855440,-0.492021573526742,8.24441573142093,16.6603558365181,-16.6267876011200,-8.52425772503644,0.499137343722474,8.96531717209074,17.4841626694076,-16.6924977663146,-8.25025897761986,0.375268534673936,8.67178961362113,17.1400492079847,-17.1156046701882,-8.71565077371702,-0.261695689366700,8.11367316835801,16.5326709150870,-16.8063736469891,-8.30450268337873,0.119530853183214,8.58667044642231,16.9596906747346];

end