function [x] = stripXPos()

x = [-31.6190098275435,-31.9287746216100,-32.0040118628684,-32.3203871605081,-32.5041595575205,-16.5338084659635,-16.5529981874951,-16.7062348586889,-16.7276966325041,-16.7474469161294,0.228987790391187,0.143345210456175,-0.191491651912131,-0.410366564039514,-0.633772200805922,16.3727219470647,16.4582578594619,16.5424868664090,16.6221245695464,16.7001940002446,32.8838923199073,32.6382578621412,32.3759139404587,32.1023616069119,31.8116145345954];

end